time	xaccel	yaccel	xaccel_filtered_np	yaccel_filtered_np
0.040999889	0.000000000	-0.600000024	-0.133966061	-0.050543822
0.060999889	0.243478241	-0.765217398	1.039445659	0.276730663
0.080999889	3.406521269	2.181303748	2.915213841	0.178515360
0.100999889	4.483333160	-0.730016236	4.526961190	-0.333024453
0.120999889	5.276006173	-1.643991818	5.062151824	-0.783792589
0.140999889	4.136985547	-0.666996311	4.572039156	-0.838851515
0.160999889	4.356011220	-1.061006489	3.721105663	-0.637768216
0.180999889	2.243291515	1.080038318	2.948165726	-0.426671206
0.200999889	1.753501091	-0.149619367	2.154904103	-0.144630715
0.220999889	2.369987382	-1.576636140	1.236064616	0.341674259
0.240999889	1.193768988	0.837652493	0.575954271	0.755741813
0.260999889	-1.297341272	2.796010097	0.658516716	0.580022119
0.280999889	1.354832369	-1.282250468	1.284078839	-0.211051404
0.300999889	2.820028573	-0.827479510	1.595516280	-0.945372709
0.320999889	1.558208093	-2.323534948	1.062532815	-1.038850790
0.340999889	-0.844401541	-0.437704031	0.187735889	-0.731826737
0.360999889	-0.981666376	1.485575730	-0.051160637	-0.695923200
0.380999889	1.737522027	-1.877568237	0.626254767	-1.053940545
0.400999889	2.162781671	-3.275224383	1.488292290	-1.235123004
0.420999889	0.894024753	0.343545196	1.692963450	-0.839584704
0.440999889	0.999570357	0.239028786	1.220429688	-0.153642375
0.460999889	0.801024821	0.992187033	0.716272280	0.414903894
0.480999889	0.809490558	0.581514048	0.604473635	1.007111717
0.500999889	0.941300211	0.637426646	0.701946112	1.911205243
0.520999889	0.469984320	2.856059372	0.700394282	2.695803632
0.540999889	0.309118670	4.146305236	0.656361478	2.429314375
0.560999889	1.518678667	0.778220369	0.800847284	0.943051583
0.580999889	0.310010969	-2.099985088	1.033181603	-0.648426759
0.600999889	1.093346618	-1.041648689	0.943722950	-1.152206402
0.620999889	1.021422547	0.030975053	0.350927298	-0.675610147
0.640999889	-0.827554155	-0.465023339	-0.408496556	-0.295508335
0.660999889	-1.304086461	0.098213101	-0.856741258	-0.493479178
0.680999889	-0.668064669	-0.733397092	-0.891432769	-0.615388174
0.700999889	-0.375458246	-1.572732505	-0.777410355	-0.085288613
0.720999889	-0.653824910	0.531102434	-0.711723081	0.512864944
0.740999889	-0.957277189	2.410413832	-0.608012322	0.180530083
0.760999889	-0.677235693	-0.697967846	-0.317359652	-0.998442579
0.780999889	0.333371793	-4.822069287	0.120792414	-1.817919448
0.800999889	1.266704772	-1.110959513	0.539288803	-1.516506972
0.820999889	0.893251578	0.769985251	0.828299303	-0.747513520
0.840999889	-0.680823854	0.242638517	0.910108614	-0.599985907
0.860999889	1.310000774	-1.830101782	0.634057419	-1.101283749
0.880999889	1.188944907	-4.008850298	-0.051177682	-1.351765031
0.900999889	-1.629995507	1.409956493	-0.786849853	-0.968871727
0.920999889	-1.477615654	-0.066223619	-0.900606017	-0.646162839
0.940999889	0.412764716	-1.694576439	-0.063722781	-0.976328934
0.960999889	1.466517112	-1.718994970	1.207084066	-1.368251868
0.980999889	1.563042611	-0.534321828	1.925927255	-0.809748987
1.000999889	1.876676535	-0.135833510	1.620259835	0.464255522
1.020999889	0.782671156	1.446430595	0.774397388	0.891867497
1.040999889	-0.201970400	0.373854950	0.216333295	-0.473643925
1.060999889	0.481988343	-3.561973117	0.196088380	-2.483263218
1.080999889	0.242862993	-2.777619455	0.263060332	-2.983803879
1.100999889	0.166650572	-1.736596970	-0.010634230	-1.278973110
1.120999889	-0.500009682	1.344338158	-0.471095318	1.083270899
1.140999889	-0.927271809	3.157247640	-0.669278720	2.115944446
1.160999889	-0.729994308	0.946662186	-0.508688766	1.565260146
1.180999889	0.070005402	0.324440210	-0.329133664	0.819657271
1.200999889	0.073321390	0.493346571	-0.360131837	0.920341529
1.220999889	-0.875996786	1.997013575	-0.354192066	1.272101954
1.240999889	-0.309077200	1.646319825	0.050863021	0.611833774
1.260999889	0.929532550	-2.094782349	0.730052070	-1.178754686
1.280999889	1.737497494	-4.089995057	1.057734979	-2.690859142
1.300999889	0.054159174	-0.823318812	0.582276740	-2.460912000
1.320999889	-0.358182300	-0.452726959	-0.427432718	-0.537324239
1.340999889	-1.559530097	1.077627155	-1.231381298	1.589908102
1.360999889	-1.037269963	2.237275520	-1.318130744	2.389107938
1.380999889	-0.465831828	1.647495043	-0.768478007	1.474070731
1.400999889	-0.247272566	-0.253645631	-0.004171988	-0.388301950
1.420999889	0.333045714	-2.142175374	0.608843119	-2.036394354
1.440999889	1.204090439	-2.739999672	0.844976396	-2.604776404
1.460999889	0.465457624	-1.915917743	0.544031124	-1.857043242
1.480999889	-0.636364061	1.039104237	-0.268275998	-0.279453492
1.500999889	-0.563637047	-1.179070063	-1.174653335	1.122692956
1.520999889	-1.584337400	2.493439873	-1.563755818	1.480524276
1.540999889	-1.705455960	1.602753311	-1.220208359	0.759859579
1.560999889	-0.862011854	-0.309981174	-0.629971740	-0.197505666
1.580999889	0.292278878	-2.138560624	-0.495715129	-0.477884002
1.600999889	-0.961887730	0.963767959	-0.929875466	0.007660807
1.620999889	-1.597132128	1.419997462	-1.290192161	0.485509384
1.640999889	-1.232643512	-0.555209719	-0.912087733	0.145646890
1.660999889	0.079968931	-1.770975805	0.095156217	-1.055887674
1.680999889	1.946315375	-1.610007498	0.918816680	-2.404500706
1.700999889	0.282064084	-3.205948066	0.875773935	-3.110822604
1.720999889	-0.411218777	-2.921246452	0.060113986	-2.904962239
1.740999889	-0.637749279	-2.047777528	-0.849554596	-2.055224967
1.760999889	-0.864279782	-1.174308604	-1.270398524	-1.035729336
1.780999889	-1.090810285	-0.300839680	-1.132012149	-0.227148309
1.800999889	-1.317340787	0.572629244	-0.722871674	0.187484793
